# camea parameter file. 

# The format of each camera is as follows:
# Filename (of the undistorted image in visualize folder)
# Original filename
# Focal Length (of the undistorted image)
# 2-vec Principal Point (image center)
# 3-vec Translation T (as in P = K[R T])
# 3-vec Camera Position C (as in P = K[R -RC])
# 3-vec Axis Angle format of R
# 4-vec Quaternion format of R
# 3x3 Matrix format of R
# [Normalized radial distortion] = [radial distortion] * [focal length]^2
# 3-vec Lat/Lng/Alt from EXIF

# Please note that images may be shrunk if you use param_pmvs_reduce.
# In that case, the focal length and principal point are scaled too.

# the nubmer of cameras in this reconstruction
5

00001.jpg
E:\aaa\0.jpg
1141.6619873
640 360
-0.0712665436299 0.0531899065896 0.0442847084297
0.0797399948368 -0.059236246482 0.00134913256686
0.0328146700218 0.563587345103 0.0685804309337
0.959845363605 0.0161871312384 0.278011703712 0.0338300045429
0.8431302454 -0.0559427255582 0.534791874839
0.0739435664868 0.997187093096 -0.0122640017433
-0.532601104504 0.0498845697338 0.844895149642
0
0 0 0

00002.jpg
E:\aaa\50.jpg
1141.6619873
640 360
0.969374597648 0.0364804545087 0.214288516528
-0.891710400159 -0.0124965160501 -0.437759801995
0.0149176023309 0.239372910497 0.0308748414887
0.99269957521 0.0074406415105 0.119395059262 0.0153998358526
0.971015421038 -0.0287979811874 0.237276063161
0.0323516608495 0.999415307567 -0.0110952795181
-0.236817635284 0.018450007149 0.971379057884
0
0 0 0

00003.jpg
E:\aaa\100.jpg
1141.6619873
640 360
2.18347283268 0.0818719625729 0.409820502616
-2.18347267599 -0.0818716463319 -0.409820018143
0 0 0
1.00000011584 0 0 0
1.00000004092 1.21001978215e-007 1.40161166007e-007
1.21001978215e-007 1.00000045752 3.55719924072e-008
1.40161166007e-007 3.55719924072e-008 1.00000042829
0
0 0 0

00004.jpg
E:\aaa\180.jpg
1141.6619873
640 360
2.99121356805 0.148946901986 1.84260162169
-3.42860205435 -0.301065010332 -0.720261146233
0.0146686168836 -0.345088309531 -0.0410555997987
0.98491475157 0.00729739126346 -0.171675655249 -0.0204244733954
0.9402205215 0.0377272205611 -0.338469999161
-0.0427382399997 0.999059170955 -0.00736183008793
0.3378735422 0.0213874031255 0.940948578983
0
0 0 0

00005.jpg
E:\aaa\140.jpg
1141.6619873
640 360
2.82003343164 0.205167991595 1.60107696739
-3.16020255984 -0.315143863317 -0.686970594988
-0.0161508882168 -0.304692101195 -0.0426678242559
0.988158714132 -0.00804354432741 -0.151744250179 -0.0212496384812
0.953044380799 0.0444371907624 -0.299552804266
-0.039554870987 0.998967833274 0.0223456636244
0.300236808267 -0.00944753005418 0.953818363187
0
0 0 0

